644
612
254
638
802
118
691
176
906
518
994
579
35
320
939
225
41
102
413
128
288
442
191
360
218
916
552
171
747
51
111
176
62
715
831
782
645
688
469
284
49
318
182
480
182
257
197
611
71
947
190
33
158
537
900
404
172
741
299
908
354
15
881
939
286
945
767
749
811
667
257
309
477
212
746
275
264
720
827
279
319
257
150
979
167
793
197
298
87
534
182
546
756
609
450
324
486
191
947
161
218
993
523
832
71
639
736
367
109
254
712
945
260
97
82
512
913
888
695
221
146
417
571
481
687
926
897
621
885
247
506
221
464
513
340
715
456
445
992
475
132
638
171
528
785
626
850
975
278
997
992
485
84
923
397
259
328
207
509
529
846
386
157
994
352
184
707
454
512
208
926
188
573
19
566
757
348
404
255
317
126
704
788
992
979
264
242
171
888
35
39
978
955
25
256
760
155
492
306
456
694
158
115
922
46
573
243
595
121
748
868
835
621
300
22
635
910
907
43
140
218
17
246
705
445
471
623
326
126
979
630
81
419
131
241
660
540
858
733
56
816
984
546
518
21
834
641
46
675
521
65
978
548
749
106
246
899
593
420
258
798
814
336
360
238
354
485
361
520
742
683
136
76
220
800
545
178
604
659
670
959
175
825
838
547
346
553
867
60
130
517
121
737
773
609
16
359
90
884
194
485
489
138
426
527
620
600
778
510
236
344
51
766
588
66
665
999
259
525
447
128
961
752
797
872
739
771
840
537
493
404
376
759
287
614
896
208
4
11
475
346
171
104
34
292
570
58
455
275
781
87
927
220
883
390
937
680
845
998
890
240
128
102
365
914
439
472
10
894
475
851
332
868
351
160
830
776
608
52
542
966
114
345
984
708
611
45
344
809
958
86
727
359
700
45
111
285
23
306
755
720
383
65
250
651
503
48
814
932
918
787
13
918
326
857
175
682
939
552
707
663
39
265
328
810
186
97
654
774
505
857
8
613
734
382
591
110
928
393
789
69
470
977
904
898
405
819
514
201
806
196
195
276
538
992
720
692
880
117
266
207
67
478
675
861
80
34
777
313
445
200
938
75
155
985
285
181
160
872
595
997
31
148
946
803
195
944
551
233
596
436
437
559
521
606
226
200
276
793
22
773
603
927
527
906
511
698
39
692
158
912
168
645
264
152
849
667
365
69
568
25
104
474
210
788
910
862
728
876
980
544
980
872
960
609
372
797
652
179
337
864
457
315
207
177
666
456
283
51
798
796
880
341
410
767
81
953
51
8
704
48
407
864
606
375
818
621
769
522
585
225
887
67
429
569
355
58
550
299
676
904
29
787
940
894
564
52
69
773
398
283
105
672
171
567
902
290
935
128
892
497
170
789
620
484
495
612
251
811
660
669
840
506
147
44
177
539
384
743
24
818
505
962
777
180
330
895
989
13
749
225
136
295
433
612
386
907
911
230
449
499
875
211
851
266
293
854
548
61
989
916
403
553
202
312
753
372
268
881
558
58
321
997
452
629
495
55
98
80
528
532
69
691
186
388
342
163
280
350
818
142
248
896
893
350
918
158
574
444
297
656
369
191
264
566
824
621
532
904
134
139
420
811
444
160
112
663
987
896
996
236
434
57
79
904
740
72
447
307
447
612
490
853
424
624
176
714
184
874
81
944
748
343
643
735
748
743
574
119
650
298
43
954
202
314
773
729
361
884
743
885
746
262
330
44
349
140
875
787
257
401
219
977
629
130
691
392
23
113
929
383
616
910
820
926
54
80
60
755
105
521
254
667
232
667
795
292
299
560
750
107
157
200
619
225
986
67
386
62
827
242
528
416
18
489
396
384
735
424
98
306
147
391
210
754
884
313
378
498
844
738
926
562
108
391
567
857
758
738
198
190
470
586
855
77
412
13
113
413
810
513
266
556
650
487
434
631
434
660
848
316
105
679
289
700
62
523
433
328
474
194
868
753
31
116
897
406
33
453
636
580
649
520
66
645
71
450
815
387
677
395
300
633
347
791
37
621
764
285
743
645
946
563
848
716
8
770
281
710
305
709
245
572
788
112
994
522
648
351
679
624
546
333
778
546
957
522
734
270
959
108
569
616
417
246
25
237
909
10
607
244
301
59
114
717
807
501
63
369
986
137
831
584
350
61
923
82
479
141
419
607
609
952
287
730
945
876
102
97
608
541
221
165
266
742
414
439
684
325
621
918
325
248
986
595
601
434
801
586
395
251
32
73
271
404
403
791
920
20
136
610
935
589
265
884
849
694
292
629
967
744
452
290
818
206
595
286
23
436
406
61
68
960
689
916
887
217
997
912
412
632
412
602
830
856
407
670
3
78
853
862
428
747
97
585
312
664
731
426
243
894
896
839
724
67
598
88
287
634
359
251
7
961
139
746
760
682
136
493
618
85
189
81
568
627
355
258
738
259
515
357
509
203
7
353
81
313
444
935
